1697566427079 2.5780152938898326 0
1697566437153 2.418140137240596 1
1697566447197 2.389281082323711 2
1697566457024 2.3639456786962776 3
1697566467251 2.345529511458408 4
1697566477250 2.3232738614532424 5
1697566486939 2.304863606134536 6
1697566497569 2.2856610722622825 7
1697566508071 2.2699102421151522 8
1697566518301 2.251058525203887 9
1697566528595 2.2333797544176655 10
1697566539158 2.2235183416671864 11
1697566550218 2.199152998642307 12
1697566560484 2.187629621005753 13
1697566571277 2.167492483811857 14
1697566581803 2.1462286998595173 15
1697566592274 2.129817941649028 16
1697566602756 2.1179188574325725 17
1697566613422 2.101193849383145 18
1697566624067 2.089300936162311 19
