1697566427080 0.1388888888888889 0
1697566437154 0.16181229773462782 1
1697566447198 0.1709816612729234 2
1697566457025 0.17826321467098166 3
1697566467252 0.1725997842502697 4
1697566477251 0.18338727076591155 5
1697566486940 0.18770226537216828 6
1697566497570 0.18824163969795038 7
1697566508072 0.19228694714131608 8
1697566518302 0.2017259978425027 9
1697566528595 0.20469255663430422 10
1697566539158 0.209277238403452 11
1697566550219 0.21440129449838188 12
1697566560485 0.21898597626752966 13
1697566571278 0.21736785329018338 14
1697566581804 0.23624595469255663 15
1697566592275 0.2373247033441208 16
1697566602756 0.24919093851132687 17
1697566613423 0.25215749730312836 18
1697566624068 0.25916936353829556 19
